0.005334415009866661644411  0.65551307082898591094278
0.011829506611372114441294  0.81851761733112748942176
0.060077575529030327605717  0.72381191641269804204484
0.062160002562291920280568  0.72316306444032263378574
0.067165295624716805922283  0.8471235646154375853456
0.089954126202480000351613  0.85899908508127509332297
0.10331664798004396021991  0.44290260059894182020912
0.10687914821639617202198  0.3178440729704890554963
0.11406429489798113052768  0.078604350368773723278792
0.12971807510113253503192  0.17168822473459327548895
0.13456896605648518971954  0.70061251134640190052494
0.14744427946742824642179  0.096005009066315843968553
0.19376281518198681941278  0.57163476365228871323154
0.19447819897647863895962  0.59509019767636905928754
0.19448971803974812733173  0.78869109404678039432213
0.1975029121141428645192  0.43144390239913199547317
0.19762296099105056135237  0.44910537658683274964133
0.20162404850200937866944  0.69538317327172638471211
0.20621924670702743154216  0.92687940500996979231729
0.20818142276638254561938  0.90517243459130281024727
0.23310817602700933948157  0.8491144859460715288435
0.23528161935288535722144  0.37817646394398829468031
0.23681119840443656809903  0.085811583365225971298251
0.27766762221123447718085  0.75972650421770593354154
0.30499317790614122181125  0.020341068515712892872394
0.31191952727358768227006  0.43149488718784173579834
0.31699911566311450572542  0.80413694996579410112503
0.32945811018788168089699  0.20245792772735371478632
0.35086569159797659223088  0.99967868719234997954004
0.4076691532543251228482  0.69545874544207875178614
0.45740736530041664620327  0.64558860410265095364224
0.46547270401635798542372  0.19973640292870645240875
0.51414003479952929964725  0.15156487568820123379432
0.52889532573935360559858  0.1437397013156394010025
0.53121764423848016889451  0.17494671613673992704996
0.55618737757028424706363  0.84125482376723303978849
0.56399311430938225964127  0.032272197786845362166286
0.57513464501832367581358  0.28797882296516502664829
0.59969564182669654606173  0.08465218128853113643828
0.60575049165904082393297  0.84851331349858705177525
0.61978182691139249715917  0.67316489977443816350444
0.68095234673514604128997  0.76609157759979906732184
0.70114471982286530327144  0.13930606289734415170756
0.71039131363406371466596  0.54680824770909186582912
0.72335638698346749198009  0.45079603113736771424769
0.74921091634277758863902  0.98787097306357274373312
0.76002981130035118795263  0.8210385250025608039337
0.7930229286630744445219  0.33636204029264021864165
0.82559448425918557923353  0.76649694413249236379926
0.83282047083267030096465  0.21365328469018138313196
0.83316001195142042057284  0.9203208675237003477676
0.8640082664154508096388  0.38693364448236938768488
0.87075578787864915675243  0.79252687645728092658004
0.87233854358659057570691  0.39390205982788562000252
0.88247050898264656204617  0.6818444713399952616939
0.93786881348950268399989  0.76114831807145300057726
0.96325997075217772991351  0.51032843185138354602515
0.96972402276924063446728  0.15165068262799208387293
0.96982305588658113126854  0.81610028576855564441672
0.99921261751987622279358  0.76646265656056933313067
